4
22
0 0.25 4
1 0 0 0
0 0 0
1 0 0 0
-2 1 0
0.948324 0 0.317305 0
0.5 0.75 0
1 0 0 0
0.7 0 0
1 0 0 0
-0.5 0.75 0
1 0 0 0
-0.7 0 0
1 0 0 0
0.5 -0.75 0
1 0 0 0
0 -0.9 0
1 0 0 0
-0.5 -0.75 0
1 0 0 0
0 -0.9 0
1 0 0 0
0 0.375 0
1 0 0 0
2 1 0
1 0 0 0
0.5 0.75 0
1 0 0 0
0.7 0 0
1 0 0 0
-0.5 0.75 0
1 0 0 0
-0.7 0 0
1 0 0 0
0.5 -0.75 0
1 0 0 0
0 -0.9 0
1 0 0 0
-0.5 -0.75 0
1 0 0 0
0 -0.9 0
1 0 0 0
0 0.375 0
1 0 0 0
0 0.25 4
1 0 0 0
0 0 0
1 0 0 0
-2 1 -2.3
0.681998 0 0.731354 0
0.5 0.75 0
1 0 0 0
0.7 0 0
1 0 0 0
-0.5 0.75 0
1 0 0 0
-0.7 0 0
1 0 0 0
0.5 -0.75 0
1 0 0 0
0 -0.9 0
1 0 0 0
-0.5 -0.75 0
1 0 0 0
0 -0.9 0
1 0 0 0
0 0.375 0
1 0 0 0
2 1 0
1 0 0 0
0.5 0.75 0
1 0 0 0
0.7 0 0
1 0 0 0
-0.5 0.75 0
1 0 0 0
-0.7 0 0
1 0 0 0
0.5 -0.75 0
1 0 0 0
0 -0.9 0
1 0 0 0
-0.5 -0.75 0
1 0 0 0
0 -0.9 0
1 0 0 0
0 0.375 0
1 0 0 0
0 0.25 4
1 0 0 0
0 0 0
1 0 0 0
-2 1 -4.97
0.224917 0.0166898 0.974222 0.00510259
0.5 0.75 0
1 0 0 0
0.7 0 0
1 0 0 0
-0.5 0.75 0
1 0 0 0
-0.7 0 0
1 0 0 0
0.5 -0.75 0
1 0 0 0
0 -0.9 0
1 0 0 0
-0.5 -0.75 0
1 0 0 0
0 -0.9 0
1 0 0 0
0 0.375 0
1 0 0 0
2 1 0
1 0 0 0
0.5 0.75 0
1 0 0 0
0.7 0 0
1 0 0 0
-0.5 0.75 0
1 0 0 0
-0.7 0 0
1 0 0 0
0.5 -0.75 0
1 0 0 0
0 -0.9 0
1 0 0 0
-0.5 -0.75 0
1 0 0 0
0 -0.9 0
1 0 0 0
0 0.375 0
1 0 0 0
0 0.25 4
1 0 0 0
0 0 0
1 0 0 0
-2 1 -6.9
-0.537326 0.0282004 0.842896 0.00346258
0.5 0.75 0
1 0 0 0
0.7 0 0
1 0 0 0
-0.5 0.75 0
1 0 0 0
-0.7 0 0
1 0 0 0
0.5 -0.75 0
1 0 0 0
0 -0.9 0
1 0 0 0
-0.5 -0.75 0
1 0 0 0
0 -0.9 0
1 0 0 0
0 0.375 0
1 0 0 0
2 1 0
1 0 0 0
0.5 0.75 0
1 0 0 0
0.7 0 0
1 0 0 0
-0.5 0.75 0
1 0 0 0
-0.7 0 0
1 0 0 0
0.5 -0.75 0
1 0 0 0
0 -0.9 0
1 0 0 0
-0.5 -0.75 0
1 0 0 0
0 -0.9 0
1 0 0 0
0 0.375 0
1 0 0 0
